50 100
46 3
40 99 48 99
45
46 5 46 5
45 7 45 7
44 9 44 9
43 11 43 11 
42 13 42 13
41 15 41 15
40 17 40 17
39 19 39 19
38 21 38 21
37 23 37 23
36 25 36 25
35 27 35 27
34 29 34 29
33 31 33 31
32 33 32 33
31 35 31 35
30 37 30 37
29 39 29 39
28 41 28 41
27 43 27 43
26 45 26 45
25 47 25 47
24 49 24 49
23 51 23 51
22 53 22 53
21 55 21 55
20 57 20 57
19 59 19 59
18 61 18 61
17 63 17 63
16 65 16 65
15 67 15 67
14 69 14 69
13 71 13 71
12 73 12 73
11 75 11 75
10 77 10 77
9 79 9 79
8 81 8 81
7 83 7 83
6 85 6 85
5 87 5 87
4 89 4 89
0 0 29 29
30 70 49 97
